Index       TIME             V(CLK)            V(VIPC)           V(VINC)           V(CMPP)           V(CMPN)     
0        0.00000000e+00    0.00000000e+00    0.00000000e+00    0.00000000e+00    2.34687187e-01    2.34687187e-01
1        5.00000000e-14    6.00000000e-03    3.76991118e-10   -3.76991118e-10    2.34687184e-01    2.34687184e-01
2        7.66718731e-14    9.20062478e-03    5.78092304e-10   -5.78092304e-10    2.34683205e-01    2.34683205e-01
3        1.03343746e-13    1.24012496e-02    7.79193490e-10   -7.79193490e-10    2.34674650e-01    2.34674650e-01
4        1.30015619e-13    1.56018743e-02    9.80294675e-10   -9.80294675e-10    2.34651751e-01    2.34651751e-01
5        1.56687493e-13    1.88024991e-02    1.18139586e-09   -1.18139586e-09    2.34601561e-01    2.34601561e-01
6        1.83359366e-13    2.20031239e-02    1.38249705e-09   -1.38249705e-09    2.34506330e-01    2.34506330e-01
7        2.10031239e-13    2.52037487e-02    1.58359823e-09   -1.58359823e-09    2.34345328e-01    2.34345328e-01
8        2.34035925e-13    2.80843110e-02    1.76458930e-09   -1.76458930e-09    2.34128715e-01    2.34128715e-01
9        2.55495203e-13    3.06594243e-02    1.92638844e-09   -1.92638844e-09    2.33871660e-01    2.33871660e-01
10       2.74808553e-13    3.29770263e-02    2.07200767e-09   -2.07200767e-09    2.33594556e-01    2.33594556e-01
11       2.75894929e-13    3.31073915e-02    2.08019876e-09   -2.08019876e-09    2.33577920e-01    2.33577920e-01
12       2.76166523e-13    3.31399827e-02    2.08224653e-09   -2.08224653e-09    2.33573760e-01    2.33573760e-01
13       2.76709711e-13    3.32051653e-02    2.08634207e-09   -2.08634207e-09    2.33565443e-01    2.33565443e-01
14       2.77796087e-13    3.33355304e-02    2.09453315e-09   -2.09453315e-09    2.33548808e-01    2.33548808e-01
15       2.78882463e-13    3.34658955e-02    2.10272423e-09   -2.10272423e-09    2.33532175e-01    2.33532175e-01
16       2.81055215e-13    3.37266258e-02    2.11910639e-09   -2.11910639e-09    2.33498914e-01    2.33498914e-01
17       2.83227967e-13    3.39873560e-02    2.13548856e-09   -2.13548856e-09    2.33465660e-01    2.33465660e-01
18       2.84314342e-13    3.41177211e-02    2.14367964e-09   -2.14367964e-09    2.33449036e-01    2.33449036e-01
19       2.86487094e-13    3.43784513e-02    2.16006180e-09   -2.16006180e-09    2.33415791e-01    2.33415791e-01
20       2.90832598e-13    3.48999118e-02    2.19282613e-09   -2.19282613e-09    2.33349321e-01    2.33349321e-01
21       2.95178102e-13    3.54213722e-02    2.22559046e-09   -2.22559046e-09    2.33282877e-01    2.33282877e-01
22       3.03869110e-13    3.64642932e-02    2.29111911e-09   -2.29111911e-09    2.33150069e-01    2.33150069e-01
23       3.12560117e-13    3.75072141e-02    2.35664776e-09   -2.35664776e-09    2.33017365e-01    2.33017365e-01
24       3.29942132e-13    3.95930559e-02    2.48770507e-09   -2.48770507e-09    2.32752274e-01    2.32752274e-01
25       3.47324148e-13    4.16788977e-02    2.61876238e-09   -2.61876238e-09    2.32487605e-01    2.32487605e-01
26       3.82088178e-13    4.58505814e-02    2.88087699e-09   -2.88087699e-09    2.31959527e-01    2.31959527e-01
27       4.16852209e-13    5.00222650e-02    3.14299161e-09   -3.14299161e-09    2.31433126e-01    2.31433126e-01
28       4.51616239e-13    5.41939487e-02    3.40510622e-09   -3.40510622e-09    2.30908397e-01    2.30908397e-01
29       4.86380270e-13    5.83656323e-02    3.66722084e-09   -3.66722084e-09    2.30385333e-01    2.30385333e-01
30       5.21144300e-13    6.25373160e-02    3.92933545e-09   -3.92933545e-09    2.29863926e-01    2.29863926e-01
31       5.55908330e-13    6.67089997e-02    4.19145007e-09   -4.19145007e-09    2.29344170e-01    2.29344170e-01
32       5.90672361e-13    7.08806833e-02    4.45356468e-09   -4.45356468e-09    2.28826058e-01    2.28826058e-01
33       6.25436391e-13    7.50523670e-02    4.71567929e-09   -4.71567929e-09    2.28309582e-01    2.28309582e-01
34       6.60200422e-13    7.92240506e-02    4.97779391e-09   -4.97779391e-09    2.27794736e-01    2.27794736e-01
35       6.68891429e-13    8.02669715e-02    5.04332256e-09   -5.04332256e-09    2.27666329e-01    2.27666329e-01
36       6.73236933e-13    8.07884320e-02    5.07608689e-09   -5.07608689e-09    2.27602151e-01    2.27602151e-01
37       6.76714933e-13    8.12057919e-02    5.10231039e-09   -5.10231039e-09    2.27550801e-01    2.27550801e-01
38       6.83670932e-13    8.20405118e-02    5.15475739e-09   -5.15475739e-09    2.27448133e-01    2.27448133e-01
39       6.90626931e-13    8.28752318e-02    5.20720438e-09   -5.20720438e-09    2.27345531e-01    2.27345531e-01
40       6.97582930e-13    8.37099517e-02    5.25965138e-09   -5.25965138e-09    2.27242993e-01    2.27242993e-01
41       7.01060930e-13    8.41273116e-02    5.28587488e-09   -5.28587488e-09    2.27191756e-01    2.27191756e-01
42       7.08016929e-13    8.49620315e-02    5.33832188e-09   -5.33832188e-09    2.27089315e-01    2.27089315e-01
43       7.21928928e-13    8.66314713e-02    5.44321588e-09   -5.44321588e-09    2.26884626e-01    2.26884626e-01
44       7.49752924e-13    8.99703509e-02    5.65300387e-09   -5.65300387e-09    2.26476022e-01    2.26476022e-01
45       8.05400918e-13    9.66481101e-02    6.07257986e-09   -6.07257986e-09    2.25661891e-01    2.25661891e-01
46       8.33224914e-13    9.99869897e-02    6.28236785e-09   -6.28236785e-09    2.25256866e-01    2.25256866e-01
47       8.88872908e-13    1.06664749e-01    6.70194383e-09   -6.70194383e-09    2.24448844e-01    2.24448844e-01
48       1.00016889e-12    1.20020267e-01    7.54109580e-09   -7.54109580e-09    2.22844874e-01    2.22844874e-01
49       1.11146488e-12    1.33375786e-01    8.38024778e-09   -8.38024778e-09    2.21256835e-01    2.21256835e-01
50       1.16711288e-12    1.40053545e-01    8.79982376e-09   -8.79982376e-09    2.20470674e-01    2.20470674e-01
51       1.19493687e-12    1.43392425e-01    9.00961175e-09   -9.00961175e-09    2.20078566e-01    2.20078566e-01
52       1.20884887e-12    1.45061864e-01    9.11450575e-09   -9.11450575e-09    2.19882755e-01    2.19882755e-01
53       1.23667287e-12    1.48400744e-01    9.32429374e-09   -9.32429374e-09    2.19491616e-01    2.19491616e-01
54       1.29232086e-12    1.55078503e-01    9.74386973e-09   -9.74386973e-09    2.18712233e-01    2.18712233e-01
55       1.40361685e-12    1.68434022e-01    1.05830217e-08   -1.05830217e-08    2.17164947e-01    2.17164947e-01
56       1.45926484e-12    1.75111781e-01    1.10025977e-08   -1.10025977e-08    2.16398882e-01    2.16398882e-01
57       1.48708884e-12    1.78450660e-01    1.12123857e-08   -1.12123857e-08    2.16016787e-01    2.16016787e-01
58       1.54273683e-12    1.85128420e-01    1.16319617e-08   -1.16319617e-08    2.15254465e-01    2.15254465e-01
59       1.65403282e-12    1.98483938e-01    1.24711136e-08   -1.24711136e-08    2.13740951e-01    2.13740951e-01
60       1.68185681e-12    2.01822818e-01    1.26809016e-08   -1.26809016e-08    2.13365337e-01    2.13365337e-01
61       1.69576881e-12    2.03492258e-01    1.27857956e-08   -1.27857956e-08    2.13177758e-01    2.13177758e-01
62       1.72359281e-12    2.06831137e-01    1.29955836e-08   -1.29955836e-08    2.12803056e-01    2.12803056e-01
63       1.77924080e-12    2.13508896e-01    1.34151596e-08   -1.34151596e-08    2.12056378e-01    2.12056378e-01
64       1.79315280e-12    2.15178336e-01    1.35200536e-08   -1.35200536e-08    2.11870388e-01    2.11870388e-01
65       1.80010880e-12    2.16013056e-01    1.35725006e-08   -1.35725006e-08    2.11777449e-01    2.11777449e-01
66       1.81402080e-12    2.17682496e-01    1.36773946e-08   -1.36773946e-08    2.11591684e-01    2.11591684e-01
67       1.84184480e-12    2.21021375e-01    1.38871826e-08   -1.38871826e-08    2.11220829e-01    2.11220829e-01
68       1.84880079e-12    2.21856095e-01    1.39396296e-08   -1.39396296e-08    2.11128284e-01    2.11128284e-01
69       1.85227879e-12    2.22273455e-01    1.39658531e-08   -1.39658531e-08    2.11082025e-01    2.11082025e-01
70       1.85923479e-12    2.23108175e-01    1.40183001e-08   -1.40183001e-08    2.10989536e-01    2.10989536e-01
71       1.87314679e-12    2.24777615e-01    1.41231941e-08   -1.41231941e-08    2.10804725e-01    2.10804725e-01
72       1.87662479e-12    2.25194975e-01    1.41494176e-08   -1.41494176e-08    2.10758564e-01    2.10758564e-01
73       1.87836379e-12    2.25403655e-01    1.41625293e-08   -1.41625293e-08    2.10735487e-01    2.10735487e-01
74       1.88184179e-12    2.25821015e-01    1.41887528e-08   -1.41887528e-08    2.10689340e-01    2.10689340e-01
75       1.88879779e-12    2.26655735e-01    1.42411998e-08   -1.42411998e-08    2.10597088e-01    2.10597088e-01
76       1.89053679e-12    2.26864415e-01    1.42543116e-08   -1.42543116e-08    2.10574035e-01    2.10574035e-01
77       1.89140629e-12    2.26968755e-01    1.42608675e-08   -1.42608675e-08    2.10562510e-01    2.10562510e-01
78       1.89314529e-12    2.27177435e-01    1.42739792e-08   -1.42739792e-08    2.10539461e-01    2.10539461e-01
79       1.89662329e-12    2.27594795e-01    1.43002027e-08   -1.43002027e-08    2.10493373e-01    2.10493373e-01
80       1.89836229e-12    2.27803475e-01    1.43133144e-08   -1.43133144e-08    2.10470336e-01    2.10470336e-01
81       1.90184029e-12    2.28220835e-01    1.43395379e-08   -1.43395379e-08    2.10424270e-01    2.10424270e-01
82       1.90879629e-12    2.29055555e-01    1.43919849e-08   -1.43919849e-08    2.10332178e-01    2.10332178e-01
83       1.91227429e-12    2.29472914e-01    1.44182084e-08   -1.44182084e-08    2.10286160e-01    2.10286160e-01
84       1.91923029e-12    2.30307634e-01    1.44706554e-08   -1.44706554e-08    2.10194151e-01    2.10194151e-01
85       1.93314228e-12    2.31977074e-01    1.45755494e-08   -1.45755494e-08    2.10010301e-01    2.10010301e-01
86       1.94009828e-12    2.32811794e-01    1.46279964e-08   -1.46279964e-08    2.09918487e-01    2.09918487e-01
87       1.95401028e-12    2.34481234e-01    1.47328904e-08   -1.47328904e-08    2.09734969e-01    2.09734969e-01
88       1.98183428e-12    2.37820113e-01    1.49426784e-08   -1.49426784e-08    2.09368597e-01    2.09368597e-01
89       1.99574628e-12    2.39489553e-01    1.50475724e-08   -1.50475724e-08    2.09185852e-01    2.09185852e-01
90       2.02357027e-12    2.42828433e-01    1.52573604e-08   -1.52573604e-08    2.08820802e-01    2.08820802e-01
91       2.07921827e-12    2.49506192e-01    1.56769364e-08   -1.56769364e-08    2.08093329e-01    2.08093329e-01
92       2.09313027e-12    2.51175632e-01    1.57818304e-08   -1.57818304e-08    2.07912116e-01    2.07912116e-01
93       2.10008627e-12    2.52010352e-01    1.58342774e-08   -1.58342774e-08    2.07821564e-01    2.07821564e-01
94       2.11399826e-12    2.53679792e-01    1.59391714e-08   -1.59391714e-08    2.07640568e-01    2.07640568e-01
95       2.14182226e-12    2.57018671e-01    1.61489594e-08   -1.61489594e-08    2.07279227e-01    2.07279227e-01
96       2.15573426e-12    2.58688111e-01    1.62538534e-08   -1.62538534e-08    2.07098989e-01    2.07098989e-01
97       2.16269026e-12    2.59522831e-01    1.63063004e-08   -1.63063004e-08    2.07008924e-01    2.07008924e-01
98       2.17660226e-12    2.61192271e-01    1.64111944e-08   -1.64111944e-08    2.06828902e-01    2.06828902e-01
99       2.20442625e-12    2.64531150e-01    1.66209824e-08   -1.66209824e-08    2.06469502e-01    2.06469502e-01
100      2.21833825e-12    2.66200590e-01    1.67258764e-08   -1.67258764e-08    2.06290232e-01    2.06290232e-01
101      2.22529425e-12    2.67035310e-01    1.67783234e-08   -1.67783234e-08    2.06200651e-01    2.06200651e-01
102      2.23920625e-12    2.68704750e-01    1.68832174e-08   -1.68832174e-08    2.06021595e-01    2.06021595e-01
103      2.26703025e-12    2.72043629e-01    1.70930054e-08   -1.70930054e-08    2.05664123e-01    2.05664123e-01
104      2.28094224e-12    2.73713069e-01    1.71978994e-08   -1.71978994e-08    2.05485814e-01    2.05485814e-01
105      2.28789824e-12    2.74547789e-01    1.72503463e-08   -1.72503463e-08    2.05396712e-01    2.05396712e-01
106      2.30181024e-12    2.76217229e-01    1.73552403e-08   -1.73552403e-08    2.05218615e-01    2.05218615e-01
107      2.32963424e-12    2.79556109e-01    1.75650283e-08   -1.75650283e-08    2.04863057e-01    2.04863057e-01
108      2.35745823e-12    2.82894988e-01    1.77748163e-08   -1.77748163e-08    2.04508345e-01    2.04508345e-01
109      2.41310623e-12    2.89572747e-01    1.81943923e-08   -1.81943923e-08    2.03801446e-01    2.03801446e-01
110      2.42701823e-12    2.91242187e-01    1.82992863e-08   -1.82992863e-08    2.03625350e-01    2.03625350e-01
111      2.45484222e-12    2.94581067e-01    1.85090743e-08   -1.85090743e-08    2.03273576e-01    2.03273576e-01
112      2.51049022e-12    3.01258826e-01    1.89286503e-08   -1.89286503e-08    2.02572525e-01    2.02572525e-01
113      2.53831421e-12    3.04597706e-01    1.91384383e-08   -1.91384383e-08    2.02223655e-01    2.02223655e-01
114      2.55222621e-12    3.06267145e-01    1.92433323e-08   -1.92433323e-08    2.02049426e-01    2.02049426e-01
115      2.58005021e-12    3.09606025e-01    1.94531203e-08   -1.94531203e-08    2.01701379e-01    2.01701379e-01
116      2.63569820e-12    3.16283784e-01    1.98726963e-08   -1.98726963e-08    2.01007746e-01    2.01007746e-01
117      2.66352220e-12    3.19622664e-01    2.00824843e-08   -2.00824843e-08    2.00662560e-01    2.00662560e-01
118      2.71917019e-12    3.26300423e-01    2.05020602e-08   -2.05020602e-08    1.99973811e-01    1.99973811e-01
119      2.83046618e-12    3.39655941e-01    2.13412122e-08   -2.13412122e-08    1.98605973e-01    1.98605973e-01
120      2.88611417e-12    3.46333701e-01    2.17607882e-08   -2.17607882e-08    1.97928435e-01    1.97928435e-01
121      2.91393817e-12    3.49672580e-01    2.19705762e-08   -2.19705762e-08    1.97590455e-01    1.97590455e-01
122      2.96958616e-12    3.56350339e-01    2.23901522e-08   -2.23901522e-08    1.96916071e-01    1.96916071e-01
123      3.08088215e-12    3.69705858e-01    2.32293041e-08   -2.32293041e-08    1.95576683e-01    1.95576683e-01
124      3.13653014e-12    3.76383617e-01    2.36488801e-08   -2.36488801e-08    1.94913187e-01    1.94913187e-01
125      3.24782613e-12    3.89739136e-01    2.44880321e-08   -2.44880321e-08    1.93592309e-01    1.93592309e-01
126      3.47041810e-12    4.16450172e-01    2.61663360e-08   -2.61663360e-08    1.90986778e-01    1.90986778e-01
127      3.58171409e-12    4.29805691e-01    2.70054880e-08   -2.70054880e-08    1.89707727e-01    1.89707727e-01
128      3.65197211e-12    4.38236654e-01    2.75352210e-08   -2.75352210e-08    1.88904926e-01    1.88904926e-01
129      3.79248816e-12    4.55098579e-01    2.85946870e-08   -2.85946870e-08    1.87308499e-01    1.87308499e-01
130      4.07352025e-12    4.88822430e-01    3.07136191e-08   -3.07136191e-08    1.84169831e-01    1.84169831e-01
131      4.63558443e-12    5.56270131e-01    3.49514831e-08   -3.49514831e-08    1.78100965e-01    1.78100965e-01
132      5.19764860e-12    6.23717832e-01    3.91893472e-08   -3.91893472e-08    1.72297511e-01    1.72297511e-01
133      5.34340155e-12    6.41208186e-01    4.02882985e-08   -4.02882985e-08    1.70842476e-01    1.70842476e-01
134      5.48915449e-12    6.58698539e-01    4.13872498e-08   -4.13872498e-08    1.69395633e-01    1.69395633e-01
135      5.51272857e-12    6.61527429e-01    4.15649942e-08   -4.15649942e-08    1.69163370e-01    1.69163370e-01
136      5.55987674e-12    6.67185208e-01    4.19204830e-08   -4.19204830e-08    1.68699691e-01    1.68699691e-01
137      5.58345082e-12    6.70014098e-01    4.20982274e-08   -4.20982274e-08    1.68468696e-01    1.68468696e-01
138      5.60702490e-12    6.72842988e-01    4.22759718e-08   -4.22759718e-08    1.68237911e-01    1.68237911e-01
139      5.61881194e-12    6.74257433e-01    4.23648440e-08   -4.23648440e-08    1.68122729e-01    1.68122729e-01
140      5.63059898e-12    6.75671878e-01    4.24537161e-08   -4.24537161e-08    1.68007599e-01    1.68007599e-01
141      5.63649250e-12    6.76379100e-01    4.24981522e-08   -4.24981522e-08    1.67950086e-01    1.67950086e-01
142      5.64238602e-12    6.77086323e-01    4.25425883e-08   -4.25425883e-08    1.67892587e-01    1.67892587e-01
143      5.64385940e-12    6.77263128e-01    4.25536974e-08   -4.25536974e-08    1.67878217e-01    1.67878217e-01
144      5.64518544e-12    6.77422253e-01    4.25636955e-08   -4.25636955e-08    1.67865285e-01    1.67865285e-01
145      5.64627619e-12    6.77553143e-01    4.25719195e-08   -4.25719195e-08    1.67854649e-01    1.67854649e-01
146      5.64666239e-12    6.77599487e-01    4.25748314e-08   -4.25748314e-08    1.67850883e-01    1.67850883e-01
147      5.64743478e-12    6.77692174e-01    4.25806551e-08   -4.25806551e-08    1.67843352e-01    1.67843352e-01
148      5.64897958e-12    6.77877549e-01    4.25923026e-08   -4.25923026e-08    1.67828290e-01    1.67828290e-01
149      5.65206916e-12    6.78248299e-01    4.26155975e-08   -4.26155975e-08    1.67798173e-01    1.67798173e-01
150      5.65361395e-12    6.78433674e-01    4.26272449e-08   -4.26272449e-08    1.67783118e-01    1.67783118e-01
151      5.65670353e-12    6.78804424e-01    4.26505398e-08   -4.26505398e-08    1.67753011e-01    1.67753011e-01
152      5.66288270e-12    6.79545923e-01    4.26971296e-08   -4.26971296e-08    1.67692820e-01    1.67692820e-01
153      5.66906186e-12    6.80287423e-01    4.27437194e-08   -4.27437194e-08    1.67632656e-01    1.67632656e-01
154      5.68142019e-12    6.81770423e-01    4.28368990e-08   -4.28368990e-08    1.67512416e-01    1.67512416e-01
155      5.68539314e-12    6.82247177e-01    4.28668544e-08   -4.28668544e-08    1.67473792e-01    1.67473792e-01
156      5.69333905e-12    6.83200686e-01    4.29267651e-08   -4.29267651e-08    1.67396566e-01    1.67396566e-01
157      5.70923086e-12    6.85107703e-01    4.30465865e-08   -4.30465865e-08    1.67242257e-01    1.67242257e-01
158      5.74101447e-12    6.88921737e-01    4.32862293e-08   -4.32862293e-08    1.66934205e-01    1.66934205e-01
159      5.77279809e-12    6.92735771e-01    4.35258722e-08   -4.35258722e-08    1.66626906e-01    1.66626906e-01
160      5.78868990e-12    6.94642788e-01    4.36456936e-08   -4.36456936e-08    1.66473632e-01    1.66473632e-01
161      5.82047352e-12    6.98456822e-01    4.38853364e-08   -4.38853364e-08    1.66167456e-01    1.66167456e-01
162      5.88404076e-12    7.06084891e-01    4.43646221e-08   -4.43646221e-08    1.65557342e-01    1.65557342e-01
163      5.94760799e-12    7.13712959e-01    4.48439078e-08   -4.48439078e-08    1.64950194e-01    1.64950194e-01
164      6.07474246e-12    7.28969096e-01    4.58024791e-08   -4.58024791e-08    1.63744707e-01    1.63744707e-01
165      6.10652608e-12    7.32783130e-01    4.60421220e-08   -4.60421220e-08    1.63445523e-01    1.63445523e-01
166      6.17009332e-12    7.40411198e-01    4.65214076e-08   -4.65214076e-08    1.62848600e-01    1.62848600e-01
167      6.29722779e-12    7.55667335e-01    4.74799790e-08   -4.74799790e-08    1.61663362e-01    1.61663362e-01
168      6.42436227e-12    7.70923472e-01    4.84385503e-08   -4.84385503e-08    1.60489488e-01    1.60489488e-01
169      6.67863121e-12    8.01435745e-01    5.03556930e-08   -5.03556930e-08    1.58175169e-01    1.58175169e-01
170      6.74219845e-12    8.09063814e-01    5.08349787e-08   -5.08349787e-08    1.57604841e-01    1.57604841e-01
171      6.86933292e-12    8.24319950e-01    5.17935500e-08   -5.17935500e-08    1.56469577e-01    1.56469577e-01
172      7.12360187e-12    8.54832224e-01    5.37106927e-08   -5.37106927e-08    1.54230991e-01    1.54230991e-01
173      7.37787081e-12    8.85344497e-01    5.56278354e-08   -5.56278354e-08    1.52034186e-01    1.52034186e-01
174      7.63213976e-12    9.15856771e-01    5.75449781e-08   -5.75449781e-08    1.49878106e-01    1.49878106e-01
175      8.14067765e-12    9.76881318e-01    6.13792634e-08   -6.13792634e-08    1.45683608e-01    1.45683608e-01
176      8.64921554e-12    1.03790586e+00    6.52135488e-08   -6.52135488e-08    1.41640258e-01    1.41640258e-01
177      9.15775343e-12    1.09893041e+00    6.90478342e-08   -6.90478342e-08    1.37740784e-01    1.37740784e-01
178      9.66629132e-12    1.15995496e+00    7.28821195e-08   -7.28821195e-08    1.33978368e-01    1.33978368e-01
179      1.00000000e-11    1.20000000e+00    7.53982237e-08   -7.53982237e-08    1.31580996e-01    1.31580996e-01
180      1.01017076e-11    1.20000000e+00    7.61650808e-08   -7.61650808e-08    1.30863786e-01    1.30863786e-01
181      1.03051227e-11    1.20000000e+00    7.76987949e-08   -7.76987949e-08    1.29449110e-01    1.29449110e-01
182      1.07119530e-11    1.20000000e+00    8.07662232e-08   -8.07662232e-08    1.26658434e-01    1.26658434e-01
183      1.09153682e-11    1.20000000e+00    8.22999373e-08   -8.22999373e-08    1.25301115e-01    1.25301115e-01
184      1.13221985e-11    1.20000000e+00    8.53673656e-08   -8.53673656e-08    1.22623086e-01    1.22623086e-01
185      1.21358591e-11    1.20000000e+00    9.15022222e-08   -9.15022222e-08    1.17479018e-01    1.17479018e-01
186      1.37631804e-11    1.20000000e+00    1.03771935e-07   -1.03771935e-07    1.07968674e-01    1.07968674e-01
187      1.45768410e-11    1.20000000e+00    1.09906792e-07   -1.09906792e-07    1.03683535e-01    1.03683535e-01
188      1.62041623e-11    1.20000000e+00    1.22176505e-07   -1.22176505e-07    9.55226873e-02    9.55226873e-02
189      1.94588048e-11    1.20000000e+00    1.46715932e-07   -1.46715932e-07    8.13804966e-02    8.13804966e-02
190      2.59680898e-11    1.20000000e+00    1.95794784e-07   -1.95794784e-07    5.97014597e-02    5.97014597e-02
191      3.24773748e-11    1.20000000e+00    2.44873637e-07   -2.44873637e-07    4.44331325e-02    4.44331325e-02
192      3.89866598e-11    1.20000000e+00    2.93952490e-07   -2.93952490e-07    3.34085327e-02    3.34085327e-02
193      4.22413023e-11    1.20000000e+00    3.18491916e-07   -3.18491916e-07    2.93623797e-02    2.93623797e-02
194      4.54959448e-11    1.20000000e+00    3.43031342e-07   -3.43031342e-07    2.55937430e-02    2.55937430e-02
195      5.20052298e-11    1.20000000e+00    3.92110195e-07   -3.92110195e-07    1.94883638e-02    1.94883638e-02
196      6.50237998e-11    1.20000000e+00    4.90267900e-07   -4.90267900e-07    1.12974124e-02    1.12974124e-02
197      7.80423698e-11    1.20000000e+00    5.88425606e-07   -5.88425606e-07    6.62159537e-03    6.62159537e-03
198      1.04079510e-10    1.20000000e+00    7.84741017e-07   -7.84741017e-07    2.11465406e-03    2.11465406e-03
199      1.30116650e-10    1.20000000e+00    9.81056427e-07   -9.81056427e-07    6.85729374e-04    6.85729374e-04
200      1.82190930e-10    1.20000000e+00    1.37368725e-06   -1.37368725e-06   -5.73226890e-06   -5.73226890e-06
201      2.34265210e-10    1.20000000e+00    1.76631807e-06   -1.76631807e-06    2.58890890e-07    2.58890883e-07
202      3.38413770e-10    1.20000000e+00    2.55157971e-06   -2.55157971e-06    1.97806814e-07    1.97806807e-07
203      4.42562330e-10    1.20000000e+00    3.33684136e-06   -3.33684136e-06    2.18583344e-07    2.18583337e-07
204      6.50859450e-10    1.20000000e+00    4.90736464e-06   -4.90736464e-06    2.10120535e-07    2.10120528e-07
205      9.00859450e-10    1.20000000e+00    6.79232024e-06   -6.79232024e-06    2.15413996e-07    2.15413988e-07
206      1.01000000e-09    1.20000000e+00    7.61522059e-06   -7.61522059e-06    2.12551415e-07    2.12551408e-07
207      1.01026544e-09    1.16814681e+00    7.61722199e-06   -7.61722199e-06    2.12559189e-07    2.12559182e-07
208      1.01047701e-09    1.14275892e+00    7.61881716e-06   -7.61881716e-06    2.12565335e-07    2.12565328e-07
209      1.01090014e-09    1.09198315e+00    7.62200749e-06   -7.62200749e-06    2.12577526e-07    2.12577519e-07
210      1.01174640e-09    9.90431601e-01    7.62838816e-06   -7.62838816e-06    2.12601314e-07    2.12601307e-07
211      1.01259267e-09    8.88880053e-01    7.63476884e-06   -7.63476884e-06    2.12624330e-07    2.12624323e-07
212      1.01343893e-09    7.87328505e-01    7.64114951e-06   -7.64114951e-06    2.12646598e-07    2.12646592e-07
213      1.01353031e-09    7.76363348e-01    7.64183847e-06   -7.64183847e-06    2.12648955e-07    2.12648948e-07
214      1.01362168e-09    7.65398190e-01    7.64252743e-06   -7.64252743e-06    2.12651307e-07    2.12651300e-07
215      1.01380443e-09    7.43467875e-01    7.64390535e-06   -7.64390535e-06    2.12655986e-07    2.12655980e-07
216      1.01398719e-09    7.21537561e-01    7.64528327e-06   -7.64528327e-06    2.12660632e-07    2.12660626e-07
217      1.01416994e-09    6.99607246e-01    7.64666120e-06   -7.64666120e-06    2.12665245e-07    2.12665239e-07
218      1.01426006e-09    6.88793315e-01    7.64734066e-06   -7.64734066e-06    2.12667504e-07    2.12667498e-07
219      1.01429685e-09    6.84378533e-01    7.64761804e-06   -7.64761804e-06    2.12668425e-07    2.12668419e-07
220      1.01433364e-09    6.79963751e-01    7.64789543e-06   -7.64789543e-06    2.12669345e-07    2.12669339e-07
221      1.01433871e-09    6.79354576e-01    7.64793371e-06   -7.64793371e-06    2.12669472e-07    2.12669466e-07
222      1.01434886e-09    6.78136226e-01    7.64801026e-06   -7.64801026e-06    2.12669726e-07    2.12669719e-07
223      1.01435236e-09    6.77716270e-01    7.64803665e-06   -7.64803665e-06    2.12669813e-07    2.12669807e-07
224      1.01435586e-09    6.77296314e-01    7.64806303e-06   -7.64806303e-06    2.12669900e-07    2.12669894e-07
225      1.01435936e-09    6.76876358e-01    7.64808942e-06   -7.64808942e-06    2.12669988e-07    2.12669981e-07
226      1.01436286e-09    6.76456402e-01    7.64811581e-06   -7.64811581e-06    2.12670075e-07    2.12670069e-07
227      1.01436583e-09    6.76099931e-01    7.64813820e-06   -7.64813820e-06    2.12670149e-07    2.12670143e-07
228      1.01436880e-09    6.75743460e-01    7.64816060e-06   -7.64816060e-06    2.12670223e-07    2.12670217e-07
229      1.01437475e-09    6.75030517e-01    7.64820540e-06   -7.64820540e-06    2.12670372e-07    2.12670365e-07
230      1.01438663e-09    6.73604631e-01    7.64829499e-06   -7.64829499e-06    2.12670668e-07    2.12670662e-07
231      1.01441039e-09    6.70752861e-01    7.64847417e-06   -7.64847417e-06    2.12671261e-07    2.12671254e-07
232      1.01445792e-09    6.65049319e-01    7.64883253e-06   -7.64883253e-06    2.12672444e-07    2.12672438e-07
233      1.01450545e-09    6.59345777e-01    7.64919090e-06   -7.64919090e-06    2.12673625e-07    2.12673619e-07
234      1.01460051e-09    6.47938694e-01    7.64990763e-06   -7.64990763e-06    2.12675981e-07    2.12675974e-07
235      1.01469557e-09    6.36531610e-01    7.65062436e-06   -7.65062436e-06    2.12678327e-07    2.12678321e-07
236      1.01488569e-09    6.13717443e-01    7.65205781e-06   -7.65205781e-06    2.12682995e-07    2.12682989e-07
237      1.01507581e-09    5.90903276e-01    7.65349127e-06   -7.65349127e-06    2.12687629e-07    2.12687623e-07
238      1.01526592e-09    5.68089109e-01    7.65492472e-06   -7.65492472e-06    2.12692228e-07    2.12692222e-07
239      1.01564616e-09    5.22460776e-01    7.65779164e-06   -7.65779164e-06    2.12701325e-07    2.12701319e-07
240      1.01640663e-09    4.31204108e-01    7.66352546e-06   -7.66352546e-06    2.12719124e-07    2.12719118e-07
241      1.01716710e-09    3.39947440e-01    7.66925929e-06   -7.66925929e-06    2.12736410e-07    2.12736404e-07
242      1.01792758e-09    2.48690772e-01    7.67499311e-06   -7.67499311e-06    2.12753224e-07    2.12753218e-07
243      1.01944852e-09    6.61774371e-02    7.68646076e-06   -7.68646076e-06    2.12797963e-07    2.12797954e-07
244      1.01958639e-09    4.96330778e-02    7.68750028e-06   -7.68750028e-06    2.12812658e-07    2.12812646e-07
245      1.01965533e-09    4.13608982e-02    7.68802003e-06   -7.68802003e-06    2.12828379e-07    2.12828361e-07
246      1.01968979e-09    3.72248084e-02    7.68827991e-06   -7.68827991e-06    2.12842238e-07    2.12842216e-07
247      1.01970703e-09    3.51567635e-02    7.68840985e-06   -7.68840985e-06    2.12852579e-07    2.12852552e-07
248      1.01971715e-09    3.39423432e-02    7.68848616e-06   -7.68848616e-06    2.12861080e-07    2.12861049e-07
249      1.01972397e-09    3.31241453e-02    7.68853756e-06   -7.68853756e-06    2.12869558e-07    2.12869518e-07
250      1.01972510e-09    3.29875005e-02    7.68854615e-06   -7.68854615e-06    2.12871193e-07    2.12871149e-07
251      1.01972738e-09    3.27142108e-02    7.68856332e-06   -7.68856332e-06    2.21569476e-07    2.21476332e-07
252      1.01972940e-09    3.24723892e-02    7.68857852e-06   -7.68857852e-06    2.61621829e-07    2.61281049e-07
253      1.01973141e-09    3.22305676e-02    7.68859371e-06   -7.68859371e-06    3.67109315e-07    3.66348876e-07
254      1.01973544e-09    3.17469244e-02    7.68862410e-06   -7.68862410e-06    9.08808553e-07    9.06721714e-07
255      1.01974350e-09    3.07796379e-02    7.68868487e-06   -7.68868487e-06    4.07224830e-06    4.06562681e-06
256      1.01975156e-09    2.98123515e-02    7.68874565e-06   -7.68874565e-06    1.09840395e-05    1.09706003e-05
257      1.01975962e-09    2.88450650e-02    7.68880643e-06   -7.68880643e-06    2.26297094e-05    2.26073337e-05
258      1.01976769e-09    2.78777786e-02    7.68886720e-06   -7.68886720e-06    3.96451397e-05    3.96119564e-05
259      1.01977575e-09    2.69104921e-02    7.68892798e-06   -7.68892798e-06    6.23865415e-05    6.23408253e-05
260      1.01978381e-09    2.59432057e-02    7.68898876e-06   -7.68898876e-06    9.09835477e-05    9.09237855e-05
261      1.01979187e-09    2.49759192e-02    7.68904953e-06   -7.68904953e-06    1.25391247e-04    1.25316054e-04
262      1.01980799e-09    2.30413463e-02    7.68917109e-06   -7.68917109e-06    2.10655051e-04    2.10545584e-04
263      1.01982411e-09    2.11067734e-02    7.68929264e-06   -7.68929264e-06    3.15827677e-04    3.15680055e-04
264      1.01984023e-09    1.91722005e-02    7.68941419e-06   -7.68941419e-06    4.37707018e-04    4.37518337e-04
265      1.01985635e-09    1.72376276e-02    7.68953574e-06   -7.68953574e-06    5.72897252e-04    5.72665287e-04
266      1.01987247e-09    1.53030548e-02    7.68965730e-06   -7.68965730e-06    7.18178467e-04    7.17901640e-04
267      1.01988860e-09    1.33684819e-02    7.68977885e-06   -7.68977885e-06    8.70726399e-04    8.70403584e-04
268      1.01992084e-09    9.49933605e-03    7.69002196e-06   -7.69002196e-06    1.18806016e-03    1.18764356e-03
269      1.01998532e-09    1.76104446e-03    7.69050817e-06   -7.69050817e-06    1.83920104e-03    1.83859433e-03
270      1.02000000e-09    3.99680289e-15    7.69061882e-06   -7.69061882e-06    1.98827702e-03    1.98762691e-03
271      1.02000645e-09    0.00000000e+00    7.69066744e-06   -7.69066744e-06    2.05376827e-03    2.05309909e-03
272      1.02001935e-09    0.00000000e+00    7.69076468e-06   -7.69076468e-06    2.18472174e-03    2.18401442e-03
273      1.02004514e-09    0.00000000e+00    7.69095916e-06   -7.69095916e-06    2.44657045e-03    2.44578685e-03
274      1.02009673e-09    0.00000000e+00    7.69134813e-06   -7.69134813e-06    2.96991757e-03    2.96898143e-03
275      1.02019991e-09    0.00000000e+00    7.69212607e-06   -7.69212607e-06    4.01520009e-03    4.01395890e-03
276      1.02040626e-09    0.00000000e+00    7.69368195e-06   -7.69368195e-06    6.10003541e-03    6.09818420e-03
277      1.02081897e-09    0.00000000e+00    7.69679370e-06   -7.69679370e-06    1.02461356e-02    1.02430642e-02
278      1.02164439e-09    0.00000000e+00    7.70301720e-06   -7.70301720e-06    1.84390347e-02    1.84335177e-02
279      1.02329522e-09    0.00000000e+00    7.71546421e-06   -7.71546421e-06    3.43906851e-02    3.43802227e-02
280      1.02659689e-09    0.00000000e+00    7.74035822e-06   -7.74035822e-06    6.43160243e-02    6.42951990e-02
281      1.03320024e-09    0.00000000e+00    7.79014625e-06   -7.79014625e-06    1.15175952e-01    1.15130544e-01
282      1.03980358e-09    0.00000000e+00    7.83993428e-06   -7.83993428e-06    1.53781147e-01    1.53702718e-01
283      1.04640692e-09    0.00000000e+00    7.88972230e-06   -7.88972230e-06    1.81376060e-01    1.81251146e-01
284      1.05301026e-09    0.00000000e+00    7.93951033e-06   -7.93951033e-06    2.00251128e-01    2.00059802e-01
285      1.05961360e-09    0.00000000e+00    7.98929836e-06   -7.98929836e-06    2.12778283e-01    2.12491869e-01
286      1.06621695e-09    0.00000000e+00    8.03908638e-06   -8.03908638e-06    2.20938986e-01    2.20516693e-01
287      1.07942363e-09    0.00000000e+00    8.13866244e-06   -8.13866244e-06    2.29923256e-01    2.29010769e-01
288      1.09263032e-09    0.00000000e+00    8.23823849e-06   -8.23823849e-06    2.33734031e-01    2.31815234e-01
289      1.10583700e-09    0.00000000e+00    8.33781454e-06   -8.33781454e-06    2.35987834e-01    2.32023451e-01
290      1.13225037e-09    0.00000000e+00    8.53696665e-06   -8.53696665e-06    2.44532361e-01    2.25048738e-01
291      1.15866374e-09    0.00000000e+00    8.73611876e-06   -8.73611876e-06    2.73297499e-01    1.99097833e-01
292      1.18243577e-09    0.00000000e+00    8.91535566e-06   -8.91535566e-06    3.33201620e-01    1.53760436e-01
293      1.20264431e-09    0.00000000e+00    9.06772444e-06   -9.06772444e-06    4.12587103e-01    1.09607661e-01
294      1.22053910e-09    0.00000000e+00    9.20264802e-06   -9.20264802e-06    4.97998092e-01    7.87190466e-02
295      1.23843390e-09    0.00000000e+00    9.33757160e-06   -9.33757160e-06    5.88971062e-01    5.75009485e-02
296      1.25632869e-09    0.00000000e+00    9.47249518e-06   -9.47249518e-06    6.77382464e-01    4.26322011e-02
297      1.27422349e-09    0.00000000e+00    9.60741877e-06   -9.60741877e-06    7.56774037e-01    3.19110363e-02
298      1.29211829e-09    0.00000000e+00    9.74234235e-06   -9.74234235e-06    8.23665887e-01    2.42485051e-02
299      1.31001308e-09    0.00000000e+00    9.87726593e-06   -9.87726593e-06    8.77180934e-01    1.88502738e-02
300      1.32790788e-09    0.00000000e+00    1.00121895e-05   -1.00121895e-05    9.18271894e-01    1.51010734e-02
301      1.34580267e-09    0.00000000e+00    1.01471131e-05   -1.01471131e-05    9.48842737e-01    1.25242447e-02
302      1.36369747e-09    0.00000000e+00    1.02820367e-05   -1.02820367e-05    9.71056582e-01    1.07643177e-02
303      1.38159227e-09    0.00000000e+00    1.04169603e-05   -1.04169603e-05    9.86922375e-01    9.56567450e-03
304      1.39948706e-09    0.00000000e+00    1.05518838e-05   -1.05518838e-05    9.98115296e-01    8.74973230e-03
305      1.43527665e-09    0.00000000e+00    1.08217310e-05   -1.08217310e-05    1.01168834e+00    7.79301448e-03
306      1.50685584e-09    0.00000000e+00    1.13614253e-05   -1.13614253e-05    1.02170299e+00    7.11265937e-03
307      1.65001420e-09    0.00000000e+00    1.24408140e-05   -1.24408140e-05    1.02385933e+00    6.96882709e-03
308      1.77885674e-09    0.00000000e+00    1.34122638e-05   -1.34122638e-05    1.02350730e+00    6.99261246e-03
309      1.90769927e-09    0.00000000e+00    1.43837136e-05   -1.43837136e-05    1.02361524e+00    6.98557345e-03
310      2.15769927e-09    0.00000000e+00    1.62686692e-05   -1.62686692e-05    1.02371037e+00    6.97986663e-03
311      2.40769927e-09    0.00000000e+00    1.81536248e-05   -1.81536248e-05    1.02383440e+00    6.97212359e-03
312      2.50000000e-09    0.00000000e+00    1.88495559e-05   -1.88495559e-05    1.02388029e+00    6.96938777e-03
313      2.50025000e-09    3.00000000e-02    1.88514409e-05   -1.88514409e-05    1.02388022e+00    6.96936261e-03
314      2.50025082e-09    3.00985751e-02    1.88514471e-05   -1.88514471e-05    1.02386791e+00    6.96826948e-03
315      2.50025087e-09    3.01047361e-02    1.88514475e-05   -1.88514475e-05    1.02386714e+00    6.96820108e-03
316      2.50025092e-09    3.01108970e-02    1.88514478e-05   -1.88514478e-05    1.02386637e+00    6.96813263e-03
317      2.50025098e-09    3.01170580e-02    1.88514482e-05   -1.88514482e-05    1.02386560e+00    6.96806410e-03
318      2.50025108e-09    3.01293798e-02    1.88514490e-05   -1.88514490e-05    1.02386405e+00    6.96792678e-03
319      2.50025128e-09    3.01540236e-02    1.88514506e-05   -1.88514506e-05    1.02386095e+00    6.96765111e-03
320      2.50025169e-09    3.02033112e-02    1.88514537e-05   -1.88514537e-05    1.02385471e+00    6.96709559e-03
321      2.50025252e-09    3.03018863e-02    1.88514598e-05   -1.88514598e-05    1.02384208e+00    6.96596760e-03
322      2.50025416e-09    3.04990366e-02    1.88514722e-05   -1.88514722e-05    1.02381616e+00    6.96364103e-03
323      2.50025744e-09    3.08933370e-02    1.88514970e-05   -1.88514970e-05    1.02376168e+00    6.95868084e-03
324      2.50026402e-09    3.16819380e-02    1.88515466e-05   -1.88515466e-05    1.02364188e+00    6.94735230e-03
325      2.50027059e-09    3.24705390e-02    1.88515961e-05   -1.88515961e-05    1.02350749e+00    6.93440052e-03
326      2.50027716e-09    3.32591400e-02    1.88516457e-05   -1.88516457e-05    1.02336141e+00    6.92069181e-03
327      2.50027861e-09    3.34327622e-02    1.88516566e-05   -1.88516566e-05    1.02332829e+00    6.91764866e-03
328      2.50027897e-09    3.34761678e-02    1.88516593e-05   -1.88516593e-05    1.02332001e+00    6.91688797e-03
329      2.50027915e-09    3.34978705e-02    1.88516607e-05   -1.88516607e-05    1.02331587e+00    6.91650764e-03
330      2.50027924e-09    3.35087219e-02    1.88516613e-05   -1.88516613e-05    1.02331380e+00    6.91631748e-03
331      2.50027933e-09    3.35195733e-02    1.88516620e-05   -1.88516620e-05    1.02331173e+00    6.91612733e-03
332      2.50027942e-09    3.35304247e-02    1.88516627e-05   -1.88516627e-05    1.02330966e+00    6.91593718e-03
333      2.50027951e-09    3.35412761e-02    1.88516634e-05   -1.88516634e-05    1.02330759e+00    6.91574704e-03
334      2.50027960e-09    3.35521275e-02    1.88516641e-05   -1.88516641e-05    1.02330552e+00    6.91555690e-03
335      2.50027965e-09    3.35575532e-02    1.88516644e-05   -1.88516644e-05    1.02330449e+00    6.91546183e-03
336      2.50027969e-09    3.35629789e-02    1.88516647e-05   -1.88516647e-05    1.02330345e+00    6.91536677e-03
337      2.50027974e-09    3.35684046e-02    1.88516651e-05   -1.88516651e-05    1.02330242e+00    6.91527170e-03
338      2.50027978e-09    3.35738303e-02    1.88516654e-05   -1.88516654e-05    1.02330138e+00    6.91517664e-03
339      2.50027979e-09    3.35751867e-02    1.88516655e-05   -1.88516655e-05    1.02330112e+00    6.91515287e-03
340      2.50027980e-09    3.35758649e-02    1.88516656e-05   -1.88516656e-05    1.02330099e+00    6.91514099e-03
341      2.50027980e-09    3.35765431e-02    1.88516656e-05   -1.88516656e-05    1.02330086e+00    6.91512911e-03
342      2.50027981e-09    3.35772213e-02    1.88516656e-05   -1.88516656e-05    1.02330073e+00    6.91511722e-03
343      2.50027982e-09    3.35778995e-02    1.88516657e-05   -1.88516657e-05    1.02330060e+00    6.91510534e-03
344      2.50027982e-09    3.35780691e-02    1.88516657e-05   -1.88516657e-05    1.02330057e+00    6.91510237e-03
345      2.50027982e-09    3.35781539e-02    1.88516657e-05   -1.88516657e-05    1.02330056e+00    6.91510089e-03
346      2.50027982e-09    3.35782386e-02    1.88516657e-05   -1.88516657e-05    1.02330054e+00    6.91509940e-03
347      2.50027982e-09    3.35783234e-02    1.88516657e-05   -1.88516657e-05    1.02330052e+00    6.91509792e-03
348      2.50027982e-09    3.35784082e-02    1.88516657e-05   -1.88516657e-05    1.02330051e+00    6.91509643e-03
349      2.50027982e-09    3.35784294e-02    1.88516657e-05   -1.88516657e-05    1.02330050e+00    6.91509606e-03
350      2.50027982e-09    3.35784400e-02    1.88516657e-05   -1.88516657e-05    1.02330050e+00    6.91509587e-03
351      2.50027982e-09    3.35784506e-02    1.88516657e-05   -1.88516657e-05    1.02330050e+00    6.91509569e-03
352      2.50027982e-09    3.35784612e-02    1.88516657e-05   -1.88516657e-05    1.02330050e+00    6.91509550e-03
353      2.50027982e-09    3.35784718e-02    1.88516657e-05   -1.88516657e-05    1.02330050e+00    6.91509532e-03
354      2.50027982e-09    3.35784744e-02    1.88516657e-05   -1.88516657e-05    1.02330050e+00    6.91509527e-03
355      2.50027982e-09    3.35784757e-02    1.88516657e-05   -1.88516657e-05    1.02330050e+00    6.91509525e-03
356      2.50027982e-09    3.35784771e-02    1.88516657e-05   -1.88516657e-05    1.02330049e+00    6.91509522e-03
357      2.50027982e-09    3.35784784e-02    1.88516657e-05   -1.88516657e-05    1.02330049e+00    6.91509520e-03
358      2.50027982e-09    3.35784797e-02    1.88516657e-05   -1.88516657e-05    1.02330049e+00    6.91509518e-03
359      2.50027982e-09    3.35784800e-02    1.88516657e-05   -1.88516657e-05    1.02330049e+00    6.91509517e-03
360      2.50027982e-09    3.35784802e-02    1.88516657e-05   -1.88516657e-05    1.02330049e+00    6.91509517e-03
361      2.50027982e-09    3.35784804e-02    1.88516657e-05   -1.88516657e-05    1.02330049e+00    6.91509517e-03
362      2.50027982e-09    3.35784805e-02    1.88516657e-05   -1.88516657e-05    1.02330049e+00    6.91509516e-03
363      2.50027982e-09    3.35784807e-02    1.88516657e-05   -1.88516657e-05    1.02330049e+00    6.91509516e-03
364      2.50027982e-09    3.35784808e-02    1.88516657e-05   -1.88516657e-05    1.02330049e+00    6.91509516e-03
365      2.50027982e-09    3.35784808e-02    1.88516657e-05   -1.88516657e-05    1.02330049e+00    6.91509516e-03
366      2.50027982e-09    3.35784808e-02    1.88516657e-05   -1.88516657e-05    1.02330049e+00    6.91509516e-03
367      2.50027982e-09    3.35784808e-02    1.88516657e-05   -1.88516657e-05    1.02330049e+00    6.91509516e-03
368      2.50027982e-09    3.35784808e-02    1.88516657e-05   -1.88516657e-05    1.02330049e+00    6.91509516e-03
